00002
00003
00008
00009
00016
00018
00021
00022
00027
00033
00037
00038
00041
00046
00048
00049
00050
00054
00056
00057
00061
00063
00065
00066
00067
00069
00070
00071
00072
00076
00077
00078
00079
00080
00084
00085
00086
00091
00092
00098
00102
00103
00104
00107
00108
00111
00119
00125
00127
00129
00130
00131
00132
00134
00137
00140
00143
00145
00148
00157
00162
00164
00166
00167
00170
00172
00182
00183
00184
00186
00190
00193
00194
00195
00197
00201
00204
00205
00207
00210
00214
00219
00220
00221
00234
00238
00241
00242
00246
00247
00250
00251
00252
00260
00265
00269
00270
00272
00273
00277
00281
00282
00284
00288
00290
00294
00302
00303
00306
00307
00308
00309
00313
00314
00315
00316
00320
00321
00325
00327
00328
00329
00330
00331
00335
00340
00342
00344
00345
00347
00348
00356
00361
00362
00363
00364
00370
00375
00376
00379
00382
00383
00384
00394
00397
00398
00399
00400
00402
00403
00405
00407
00410
00411
00416
00419
00422
00423
00434
00442
00447
00448
00454
00456
00460
00462
00465
00467
00469
00478
00479
00481
00483
00489
00490
00492
00493
00495
00497
00499
00501
00503
00504
00505
00507
00510
00512
00514
00515
00516
00517
00522
00525
00531
00532
00536
00538
00543
00546
00547
00548
00555
00556
00558
00560
00565
00566
00570
00575
00579
00581
00584
00585
00587
00589
00590
00594
00595
00599
00602
00603
00605
00607
00613
00617
00620
00622
00624
00629
00634
00635
00636
00645
00650
00651
00655
00659
00664
00665
00667
00673
00674
00680
00686
00689
00690
00693
00694
00695
00703
00704
00707
00714
00715
00716
00721
00723
00729
00730
00733
00734
00735
00736
00740
00751
00755
00757
00758
00761
00764
00771
00772
00773
00774
00776
00780
00784
00786
00787
00788
00789
00792
00793
00794
00797
00799
00801
00802
00811
00813
00814
00821
00822
00824
00825
00829
00830
00841
00843
00847
00849
00850
00853
00856
00858
00865
00867
00872
00875
00876
00879
00881
00883
00885
00886
00890
00892
00893
00894
00895
00896
00899
00900
00902
00907
00911
00913
00917
00918
00926
00928
00935
00943
00945
00950
00955
00958
00959
00964
00966
00970
00972
00973
00976
00979
00982
00992
00993
01004
01012
01016
01020
01022
01023
01025
01029
01034
01036
01037
01042
01046
01047
01051
01052
01057
01058
01059
01063
01064
01071
01075
01078
01081
01083
01084
01086
01089
01094
01104
01106
01121
01126
01132
01133
01135
01137
01139
01142
01145
01156
01159
01160
01163
01167
01168
01169
01170
01173
01174
01179
01180
01182
01184
01187
01188
01190
01200
01201
01203
01205
01206
01207
01209
01212
01214
01216
01224
01233
01238
01239
01242
01243
01247
01250
01251
01254
01256
01260
01264
01268
01272
01274
01277
01284
01287
01288
01296
01299
01300
01302
01304
01308
01309
01316
01317
01319
01321
01324
01327
01328
01334
01336
01340
01341
01345
01347
01348
01349
01351
01353
01358
01360
01363
01366
01367
01368
01370
01371
01372
01374
01375
01376
01382
01383
01386
01388
01390
01400
01401
01404
01405
01409
01410
01411
01412
01413
01415
01416
01419
01420
01423
01426
01430
01431
01450
01454
01456
01464
01468
01471
01472
01481
01482
01487
01495
01497
01499
01508
01512
01513
01517
01520
01524
01525
01527
01529
01531
01532
01535
01540
01547
01548
01555
01557
01563
01566
01567
01568
01570
01578
01581
01584
01591
01596
01599
01602
01616
01617
01619
01625
01629
01630
01641
01648
01654
01657
01661
01666
01670
01671
01676
01677
01685
01691
01693
01705
01711
01727
01729
01734
01736
01738
01739
01740
01743
01745
01750
01752
01758
01760
01762
01764
01767
01768
01770
01771
01775
01778
01779
01781
01783
01785
01786
01787
01797
01798
01801
01808
01809
01812
01815
01817
01819
01821
01824
01825
01836
01837
01840
01842
01846
01847
01852
01854
01856
01864
01865
01868
01869
01876
01877
01878
01884
01886
01893
01894
01897
01901
01902
01904
01909
01911
01918
01924
01925
01926
01930
01936
01942
01944
01945
01947
01952
01953
01955
01957
01966
01967
01968
01969
01973
01975
01984
01986
01987
01988
01996
02001
02008
02009
02012
02015
02016
02023
02025
02029
02030
02033
02034
02035
02036
02039
02043
02045
02046
02049
02050
02051
02055
02057
02058
02061
02068
02070
02072
02073
02074
02086
02096
02099
02102
02110
02111
02113
02115
02118
02122
02127
02128
02140
02143
02145
02146
02151
02152
02156
02159
02161
02164
02165
02166
02167
02169
02176
02179
02182
02183
02190
02192
02194
02199
02206
02208
02210
02213
02220
02223
02227
02229
02241
02242
02247
02251
02259
02262
02267
02270
02273
02277
02278
02287
02288
02289
02300
02302
02307
02309
02311
02312
02313
02314
02316
02318
02319
02326
02330
02333
02334
02335
02340
02342
02345
02347
02354
02355
02357
02359
02360
02361
02365
02370
02379
02384
02388
02389
02391
02392
02394
02401
02402
02407
02412
02413
02414
02417
02422
02426
02427
02429
02431
02432
02433
02437
02441
02447
02448
02454
02455
02456
02459
02461
02463
02465
02467
02468
02475
02476
02478
02480
02484
02488
02489
02490
02491
02493
02496
02497
02499
02501
02502
02503
02504
02505
02506
02509
02514
02517
02518
02519
02523
02524
02527
02528
02529
02533
02536
02539
02542
02543
02545
02551
02553
02558
02562
02567
02568
02571
02573
02574
02576
02578
02586
02587
02588
02594
02596
02599
02600
02601
02602
02605
02606
02607
02609
02611
02612
02613
02618
02620
02621
02626
02629
02633
02642
02644
02645
02647
02648
02649
02651
02652
02653
02659
02660
02663
02664
02667
02668
02670
02672
02677
02678
02680
02683
02685
02687
02688
02690
02695
02697
02698
02702
02703
02705
02708
02711
02712
02719
02722
02726
02733
02738
02740
02741
02746
02748
02752
02754
02758
02760
02762
02763
02766
02767
02773
02777
02779
02780
02781
02782
02788
02790
02795
02798
02810
02811
02812
02817
02818
02821
02822
02823
02827
02828
02831
02832
02838
02843
02849
02851
02856
02857
02859
02861
02863
02864
02865
02866
02868
02871
02872
02875
02880
02886
02889
02890
02894
02897
02899
02901
02903
02904
02905
02906
02909
02914
02918
02920
02923
02927
02932
02935
02936
02938
02940
02941
02944
02946
02947
02951
02953
02955
02958
02962
02964
02970
02974
02977
02985
02987
02992
02993
02994
02998
02999
03009
03010
03014
03016
03017
03019
03021
03029
03034
03036
03040
03041
03042
03044
03045
03053
03054
03056
03057
03060
03061
03063
03066
03068
03069
03071
03072
03073
03074
03079
03086
03088
03089
03092
03094
03100
03104
03106
03109
03111
03112
03113
03114
03116
03119
03123
03124
03130
03132
03138
03142
03143
03146
03155
03156
03163
03165
03171
03174
03175
03177
03178
03179
03180
03185
03186
03188
03194
03201
03204
03208
03209
03211
03212
03215
03217
03223
03225
03227
03230
03237
03241
03244
03245
03248
03250
03252
03253
03255
03268
03271
03272
03276
03277
03278
03281
03283
03287
03289
03294
03295
03300
03303
03305
03306
03312
03326
03328
03337
03340
03341
03345
03346
03348
03351
03352
03357
03362
03363
03367
03376
03379
03385
03386
03388
03391
03395
03403
03409
03410
03412
03421
03426
03427
03429
03432
03433
03435
03437
03439
03440
03441
03444
03446
03449
03451
03453
03455
03460
03466
03474
03475
03477
03479
03480
03481
03482
03483
03484
03487
03491
03493
03500
03503
03504
03506
03510
03515
03516
03518
03519
03520
03524
03525
03527
03531
03536
03540
03542
03545
03547
03550
03559
03565
03571
03573
03578
03581
03582
03583
03584
03586
03587
03588
03591
03596
03598
03599
03602
03603
03609
03612
03614
03615
03616
03619
03620
03624
03626
03630
03633
03636
03638
03643
03644
03647
03653
03655
03657
03661
03662
03669
03672
03673
03677
03687
03688
03689
03691
03694
03697
03700
03704
03706
03709
03710
03711
03715
03717
03719
03723
03726
03729
03733
03736
03737
03741
03746
03747
03749
03755
03762
03764
03768
03775
03777
03780
03782
03795
03799
03809
03814
03815
03817
03823
03828
03830
03839
03840
03844
03845
03854
03862
03870
03873
03874
03879
03882
03885
03886
03887
03896
03897
03900
03903
03904
03906
03909
03912
03914
03918
03919
03920
03921
03922
03926
03928
03930
03933
03936
03937
03938
03943
03947
03950
03953
03955
03960
03961
03962
03966
03967
03969
03972
03981
03983
03985
03988
03989
03990
03998
04001
04007
04009
04010
04012
04013
04018
04024
04025
04026
04028
04030
04031
04032
04033
04036
04037
04038
04043
04045
04052
04053
04059
04061
04064
04067
04069
04080
04081
04087
04093
04095
04096
04103
04106
04112
04113
04118
04119
04122
04136
04137
04138
04143
04146
04148
04149
04154
04161
04163
04166
04167
04171
04173
04176
04183
04184
04186
04187
04190
04197
04198
04203
04204
04205
04207
04209
04211
04219
04220
04223
04225
04228
04230
04232
04234
04236
04241
04242
04244
04250
04252
04256
04259
04260
04263
04264
04265
04266
04267
04268
04271
04282
04287
04289
04290
04296
04297
04305
04307
04313
04315
04318
04320
04324
04326
04327
04330
04331
04333
04336
04338
04344
04352
04356
04361
04362
04365
04366
04367
04373
04374
04375
04382
04383
04390
04396
04399
04401
04402
04403
04405
04408
04413
04414
04419
04420
04424
04425
04428
04429
04432
04433
04434
04436
04442
04444
04446
04451
04452
04455
04460
04461
04463
04468
04469
04470
04473
04475
04482
04491
04492
04494
04495
04496
04498
04505
04507
04509
04510
04513
04515
04525
04529
04530
04539
04540
04543
04546
04551
04552
04556
04561
04571
04575
04584
04589
04591
04597
04599
04600
04607
04608
04609
04617
04619
04622
04625
04626
04628
04629
04631
04632
04637
04640
04641
04643
04646
04647
04652
04654
04655
04657
04658
04660
04669
04673
04674
04678
04680
04681
04682
04684
04691
04692
04693
04699
04700
04701
04702
04703
04704
04705
04710
04711
04712
04714
04715
04716
04722
04723
04726
04729
04732
04744
04746
04749
04750
04753
04755
04756
04771
04773
04776
04778
04781
04785
04788
04791
04792
04796
04798
04799
04801
04804
04806
04810
04812
04819
04820
04823
04829
04830
04831
04832
04834
04835
04837
04841
04846
04847
04850
04851
04852
04856
04857
04863
04864
04869
04874
04875
04881
04883
04889
04890
04896
04900
04902
04908
04910
04918
04923
04925
04926
04928
04931
04933
04934
04935
04941
04943
04944
04945
04948
04949
04953
04954
04958
04964
04966
04967
04968
04969
04973
04976
04977
04978
04979
04981
04983
04986
04988
04996
04997
04998
04999
05001
05002
05003
05007
